((("30" .
   [1 0])
  ("bombTemplate" .
   [0 0 0 0 0 1 0 0 0 0 0 0])
  ("mCollidableB" .
   [9 0 0 0 0 0 0 0 0 0 0 0])
  ("mCollisionMgr" .
   [0 0 0 0 0 0 0 0 0 1 0 0 0])
  ("getCollidableScale" .
   [0 0 0 0 0 0 0 0 0 0 0 0 0 0 1 0 0 0])
  ("getCollidableAt" .
   [0 0 0 0 0 1 0 0 0 0 0 0 0 0 0])
  ("mCollidable" .
   [0 0 0 4 0 0 1 0 0 0 2])
  ("Coor2D" .
   [0 0 1 0 0 0])
  ("NONE" .
   [1 0 0 0])
  ("GameObjectState" .
   [0 0 0 0 0 0 0 0 0 0 0 1 0 0 0])
  ("GameObjectStateListener" .
   [0 0 0 0 0 0 0 0 0 0 0 0 0 0 0 0 1 0 0 0 0 0 0])
  ("BonusState" .
   [0 0 0 0 0 0 1 2 1 2])
  ("owner" .
   [4 0 0 0 0])
  ("random" .
   [2 0 0 0 0 0])
  ("Bomb" .
   [1 0 0 0])
  ("size_t" .
   [1 0 0 0 0 0])
  ("voxel" .
   [2 0 0 0 0])
  ("getType" .
   [3 0 0 0 0 0 0])
  ("BonusEvent" .
   [1 0 0 0 0 0 0 0 0 0])
  ("dynamic_cast" .
   [0 0 0 0 1 0 0 0 0 0 0 0])
  ("bonus" .
   [4 0 0 0 0])
  ("///afs/" .
   [0 0 0 1 0 0 0])
  ("Create" .
   [0 0 0 0 1 0])
  ("mGOMgr" .
   [0 0 1 0 0 0])
  ("GameObject" .
   [0 0 0 0 0 1 0 0 0 1])
  ("NIBE" .
   [9 0 0 0])
  ("or_y" .
   [1 0 0 0])
  ("or" .
   [1 0])
  ("string_of_int" .
   [0 0 0 0 0 0 1 0 0 1 0 0 0])
  ("last" .
   [9 0 0 0])
  ("expr" .
   [1 0 0 0])
  ("elif" .
   [2 0 0 0])
  ("arg" .
   [1 0 0])
  ("OPTARG" .
   [0 0 0 1 0 0])
  ("founded" .
   [1 0 0 0 0 0 0])
  ("TRANS" .
   [2 0 0 0 0])
  ("dirY" .
   [1 0 0 0])
  ("dirX" .
   [1 0 0 0])
  ("FALSE" .
   [2 0 0 0 0])
  ("created" .
   [1 0 0 0 0 0 0])
  ("pause" .
   [5 0 0 0 0])
  ("COLOR" .
   [1 0 0 0 0])
  ("opt" .
   [12 0 0])
  ("20" .
   [4 0])
  ("lemi" .
   [5 0 0 0])
  ("options" .
   [11 0 0 0 0 0 0])
  ("new_" .
   [1 0 0 0])
  ("ERROR" .
   [1 0 0 0 0])
  ("BORDER" .
   [0 0 0 0 1 0])
  ("block" .
   [6 0 0 0 0])
  ("t_graphics" .
   [1 0 0 0 4 1 0 0 0 0])
  ("446" .
   [1 0 0])
  ("780" .
   [1 0 0])
  ("GRAPHICS_" .
   [0 0 0 0 0 0 0 0 1])
  ("debug" .
   [2 0 0 0 0])
  ("cols" .
   [2 0 0 0])
  ("typ" .
   [1 0 0])
  ("NGRAPHIC" .
   [0 0 0 0 1 0 0 0])
  ("visibility" .
   [0 0 0 2 0 0 1 0 0 0])
  ("WINI" .
   [1 0 0 0])
  ("setborder" .
   [1 0 0 0 0 0 0 0 0])
  ("wclear" .
   [1 0 0 0 0 0])
  ("gety" .
   [1 0 0 0])
  ("getyx" .
   [1 0 0 0 0])
  ("PRINT" .
   [3 0 0 0 0])
  ("redrawwin" .
   [2 0 0 0 0 0 0 0 0])
  ("stdscr" .
   [3 0 0 0 0 0])
  ("stdsrc" .
   [2 0 0 0 0 0])
  ("clearok" .
   [2 0 0 0 0 0 0])
  ("TRUE" .
   [3 0 0 0])
  ("wprintw" .
   [1 0 0 0 0 0 0])
  ("resizew" .
   [1 0 0 0 0 0 0])
  ("refresh" .
   [7 0 0 0 0 0 0])
  ("wrefresh" .
   [3 0 0 0 0 0 0 0])
  ("CURSES_H_" .
   [2 0 0 0 0 0 0 0 0])
  ("NSLEEP" .
   [1 0 0 0 0 0])
  ("dst" .
   [1 0 0])
  ("src" .
   [1 0 0])
  ("board" .
   [7 0 0 0 0])
  ("dst_rect" .
   [1 0 0 0 0 0 0 0])
  ("blit_surface" .
   [1 0 0 0 0 0 0 0 0 0 0 0])
  ("Sdl" .
   [3 0 0])
  ("Array" .
   [2 0 0 0 0])
  ("functions" .
   [0 0 0 0 0 0 0 0 2])
  ("draw" .
   [2 0 0 0])
  ("idx" .
   [1 0 0])
  ("fun" .
   [1 0 0])
  ("init" .
   [1 0 0 0])
  ("flip" .
   [1 0 0 0])
  ("Sdlvideo" .
   [4 0 0 0 0 1 0 0])
  ("names" .
   [2 0 0 0 0])
  ("NAMES" .
   [1 0 0 0 0])
  ("out" .
   [2 0 0])
  ("sendneof" .
   [3 0 0 0 1 0 0 0])
  ("nick" .
   [2 0 0 0])
  ("users" .
   [3 0 0 0 0])
  ("chan" .
   [1 0 0 0])
  ("name_msg" .
   [1 0 0 0 0 0 0 0])
  ("l_list" .
   [1 0 0 0 0 0])
  ("search_chan" .
   [0 0 0 0 0 0 1 0 0 0 0])
  ("t_list" .
   [1 0 0 0 0 0])
  ("ichannel" .
   [1 0 0 1 1 0 0 0])
  ("name" .
   [4 0 0 0])
  ("__attribute__" .
   [1 0 0 0 0 0 0 0 0 0 0 0 0])
  ("unused" .
   [1 0 0 0 0 0])
  ("ping" .
   [1 0 0 0])
  ("sends" .
   [6 0 0 0 0])
  ("HOST" .
   [2 0 0 0])
  ("user" .
   [4 0 0 0])
  ("free_list" .
   [1 0 0 0 0 0 0 0 0])
  ("pool" .
   [0 0 0 1])
  ("4243" .
   [1 0 0 0])
  ("add_socket" .
   [2 0 0 0 0 0 0 0 0 0])
  ("select_handle" .
   [1 0 0 0 0 0 0 0 0 0 0 0 0])
  ("READM" .
   [2 0 0 0 0])
  ("size_buffer" .
   [0 0 0 0 0 0 1 0 0 0 0])
  ("DELIM" .
   [1 0 0 0 0])
  ("getcmd" .
   [2 0 0 0 0 0])
  ("a_fd" .
   [2 0 0 0])
  ("select" .
   [1 0 0 0 0 0])
  ("fdfull" .
   [1 0 0 0 0 0])
  ("FD_SET" .
   [1 0 0 0 0 0])
  ("error" .
   [9 0 0 0 0])
  ("fd_set" .
   [1 0 0 0 0 0])
  ("WRITE" .
   [2 0 0 0 0])
  ("RDWR" .
   [3 0 0 0])
  ("SERV" .
   [2 0 0 0])
  ("fds" .
   [10 0 0])
  ("fd" .
   [16 0])
  ("emacs" .
   [1 0 0 0 0])
  ("alias" .
   [2 0 0 0 0])
  ("passphrase" .
   [2 0 0 0 0 0 0 0 0 0])
  ("statu" .
   [3 0 0 0 0])
  ("curl" .
   [2 0 0 0])
  ("fi" .
   [1 0])
  ("then" .
   [9 0 1 0])
  ("done" .
   [3 0 0 0])
  ("c_str" .
   [3 0 0 0 0])
  ("cs" .
   [3 0])
  ("listen" .
   [1 0 0 0 0 0])
  ("INADDR_ANY" .
   [1 0 0 0 0 0 0 0 0 0])
  ("sin_port" .
   [1 0 0 0 0 0 0 0])
  ("sin_family" .
   [1 0 0 0 0 0 0 0 0 0])
  ("SOCK_STREAM" .
   [1 0 0 0 0 0 0 0 0 0 0])
  ("AF_INET" .
   [2 0 0 0 0 0 0])
  ("serv" .
   [5 0 0 0])
  ("sockaddr_in" .
   [4 0 0 0 0 0 0 0 0 0 0])
  ("pthread_t" .
   [1 0 0 0 0 0 0 0 0])
  ("free_socket" .
   [1 0 0 0 0 0 0 0 0 0 0])
  ("ls" .
   [1 0])
  ("get_next_line" .
   [0 0 0 0 0 0 0 0 1 0 0 0 0])
  ("STDOUT_FILENO" .
   [0 0 0 0 0 0 1 0 0 0 0 0 0])
  ("1025" .
   [1 0 0 0])
  ("readline" .
   [3 0 0 0 0 0 0 0])
  ("endif" .
   [4 0 0 0 0])
  ("execute_rl" .
   [1 0 0 0 0 0 0 0 0 0])
  ("READLINE" .
   [3 0 0 0 0 0 0 0])
  ("defined" .
   [5 0 0 0 0 0 0])
  ("actions" .
   [1 0 0 0 0 0 0])
  ("t_command" .
   [1 0 0 0 0 0 0 0 0])
  ("on" .
   [3 0])
  ("action" .
   [2 0 0 0 0 0])
  ("pass_cmd" .
   [1 0 0 0 0 0 0 0])
  ("command" .
   [3 0 0 0 0 0 0])
  ("34" .
   [2 0])
  ("pass" .
   [1 0 0 0])
  ("22" .
   [1 0])
  ("lock" .
   [2 0 0 0])
  ("user_cmd" .
   [1 0 0 0 0 0 0 0])
  ("cmd" .
   [5 0 0])
  ("addr_list" .
   [1 0 0 0 0 0 0 0 0])
  ("hostname" .
   [3 0 0 0 0 0 0 0])
  ("client" .
   [3 0 0 0 0 0])
  ("getsockname" .
   [1 0 0 0 0 0 0 0 0 0 0])
  ("bind" .
   [5 0 0 0])
  ("sock" .
   [2 0 0 0])
  ("lol" .
   [3 0 0])
  ("htons" .
   [3 0 0 0 0])
  ("socklen_t" .
   [2 0 0 0 0 0 0 0 0])
  ("close" .
   [9 0 0 0 0])
  ("slen" .
   [1 0 0 0])
  ("sin" .
   [4 0 0])
  ("sockaddr" .
   [5 0 0 0 0 0 0 0])
  ("errno" .
   [4 0 0 0 0])
  ("stderror" .
   [1 0 0 0 0 0 0 0])
  ("addrlen" .
   [3 0 0 0 0 0 0])
  ("sockfd" .
   [1 0 0 0 0 0])
  ("accept" .
   [2 0 0 0 0 0])
  ("stdlib" .
   [3 0 0 0 0 0])
  ("ac" .
   [2 0])
  ("args" .
   [6 0 0 1])
  ("PORTC" .
   [1 0 0 0 0])
  ("PORT" .
   [4 0 0 0])
  ("socket" .
   [29 0 0 0 1 0])
  ("ftp_server" .
   [2 0 0 0 0 0 0 0 0 0])
  ("av" .
   [11 0])
  ("flags" .
   [2 0 0 0 0])
  ("ftp" .
   [3 0 0])
  ("POPT" .
   [1 0 0 0])
  ("c_ftp" .
   [3 0 0 0 0])
  ("501" .
   [1 0 0])
  ("write" .
   [19 0 0 0 0])
  ("buf" .
   [23 0 0])
  ("print" .
   [1 0 0 0 0])
  ("scroll_camaera" .
   [0 0 0 0 0 0 0 0 0 1 0 0 0 0])
  ("SCROLL" .
   [4 0 0 1 0 0])
  ("define" .
   [21 0 0 0 0 0])
  ("WIDTH" .
   [2 0 0 0 0])
  ("fps" .
   [1 0 0])
  ("SDL_GetTicks" .
   [0 0 0 0 0 0 0 2 0 0 0 0])
  ("key" .
   [1 0 0])
  ("MOBS" .
   [6 0 0 0])
  ("win" .
   [49 0 0])
  ("pixel" .
   [8 0 0 0 0])
  ("sdl" .
   [5 0 0])
  ("getImage" .
   [0 0 0 0 1 0 0 0])
  ("16" .
   [8 0])
  ("15" .
   [2 0])
  ("OTHER" .
   [4 0 0 0 0])
  ("t_image" .
   [4 0 0 0 0 0 0])
  ("image" .
   [4 0 0 0 0])
  ("SDL_Surface" .
   [3 0 0 0 0 0 0 0 0 0 0])
  ("alpha" .
   [1 0 0 0 0])
  ("SDL" .
   [3 0 0])
  ("struct" .
   [29 0 0 1 0 0])
  ("screen" .
   [8 0 0 0 0 0])
  ("event" .
   [3 0 0 0 0])
  ("ar_free" .
   [3 0 0 0 0 0 0])
  ("array" .
   [13 0 0 0 0])
  ("free_elem" .
   [0 0 0 0 0 0 0 1 1])
  ("static" .
   [7 0 0 0 0 0])
  ("free_array" .
   [1 0 0 0 0 1 0 0 0 0])
  ("xfree" .
   [6 0 0 0 0])
  ("push_array" .
   [1 0 0 0 0 1 0 0 0 0])
  ("prev" .
   [8 0 0 0])
  ("net" .
   [2 0 0])
  ("head" .
   [36 0 0 0])
  ("sizeof" .
   [11 0 0 0 0 0])
  ("new" .
   [35 0 0])
  ("l_array" .
   [11 0 0 0 1 2 0])
  ("t_array" .
   [0 0 0 0 0 1 0])
  ("typedef" .
   [15 0 0 0 0 0 0])
  ("strlen" .
   [3 0 0 0 0 0])
  ("CFLAGS" .
   [0 0 0 1 0 0])
  ("cpp" .
   [2 0 0])
  ("/usr/bin/g++" .
   [1 0 0 0 0 0 0 0 0 0 0 0])
  ("/usr/sfw/bin/g++" .
   [1 0 0 0 0 0 0 0 0 0 0 0 0 0 0 0])
  ("g++" .
   [3 0 0])
  ("CXX" .
   [3 0 0])
  ("100" .
   [5 0 0])
  ("150" .
   [1 0 0])
  ("throw" .
   [0 0 0 0 1])
  ("getHeight" .
   [0 0 0 0 0 1 0 0 0])
  ("getWidth" .
   [0 0 0 0 1 0 0 0])
  ("api" .
   [2 0 0])
  ("11" .
   [1 0])
  ("Sleep" .
   [1 0 0 0 0])
  ("speed" .
   [1 0 0 0 0])
  ("DOWN" .
   [2 0 0 0])
  ("UP" .
   [2 0])
  ("dir" .
   [3 0 0])
  ("current" .
   [6 0 0 0 0 0 0])
  ("getBonus" .
   [2 0 0 0 0 2 0 0])
  ("Draw" .
   [0 0 1 0])
  ("getBonusList" .
   [0 0 0 0 0 0 0 0 0 0 0 1])
  ("Nibbler" .
   [3 0 1 0 0 1 1])
  ("namespace" .
   [2 0 0 0 1 0 0 0 0])
  ("LEFT" .
   [5 0 0 0])
  ("back" .
   [1 0 0 0])
  ("mutable" .
   [3 0 0 0 0 0 0])
  ("len" .
   [4 0 0])
  ("size" .
   [7 0 0 1])
  ("getSnake" .
   [3 0 0 0 1 2 1 0])
  ("first" .
   [7 0 0 0 0])
  ("getBody" .
   [3 0 0 1 2 3 0])
  ("Color" .
   [1 0 0 0 1])
  ("Key" .
   [4 0 0])
  ("Event" .
   [10 0 0 0 0])
  ("App" .
   [14 0 0])
  ("Running" .
   [1 0 1 0 0 0 0])
  ("Window" .
   [1 0 0 0 0 0])
  ("SFML" .
   [1 0 0 0])
  ("remover" .
   [3 0 0 0 0 0 0])
  ("delete" .
   [15 0 1 0 0 0])
  ("template" .
   [1 0 0 0 0 0 0 0])
  ("hello" .
   [2 0 0 0 0])
  ("Element" .
   [0 0 0 1 0 0 0])
  ("point" .
   [2 0 0 0 0])
  ("remove" .
   [4 0 0 0 0 0])
  ("Type" .
   [5 0 0 0])
  ("Pixel" .
   [4 0 0 0 0])
  ("handle_file" .
   [0 0 1 0 0 1 0 0 0 0 0])
  ("Arg" .
   [5 0 0])
  ("other" .
   [2 0 0 0 0])
  ("getInstance" .
   [0 0 0 0 0 1 0 0 0 0 0])
  ("_map" .
   [8 0 0 0])
  ("Map" .
   [8 0 0])
  ("try" .
   [1 0 0])
  ("move" .
   [1 0 0 0])
  ("endl" .
   [26 0 0 0])
  ("checker" .
   [0 0 0 1 0 0 0])
  ("cout" .
   [29 0 0 0])
  ("10" .
   [6 0])
  ("utility" .
   [1 0 0 0 0 0 0])
  ("BONUS" .
   [1 0 1 0 1])
  ("make_pair" .
   [2 0 0 0 0 0 1 0 0])
  ("push_back" .
   [0 0 0 0 1 0 0 0 0])
  ("map" .
   [59 0 0])
  ("this" .
   [34 0 0 0])
  ("add" .
   [2 0 0])
  ("500" .
   [3 0 0])
  ("std" .
   [78 0 0])
  ("EXIT_FAILURE" .
   [1 0 0 0 0 0 0 0 1 0 0 0])
  ("bool" .
   [8 0 0 0])
  ("protected" .
   [2 0 0 0 0 0 0 0 0])
  ("//u/" .
   [0 0 1 0])
  ("snake" .
   [2 0 0 0 0])
  ("Snake" .
   [6 0 0 1 1])
  ("height" .
   [11 0 1 3 1 2])
  ("width" .
   [21 0 0 3 0])
  ("string" .
   [5 0 0 0 0 0])
  ("iostream" .
   [1 0 0 0 0 0 0 0])
  ("tmp" .
   [39 0 0])
  ("sort_param" .
   [0 0 0 0 0 0 0 1 0 0])
  ("sh_name" .
   [1 0 0 0 0 0 0])
  ("EXIT_SUCCESS" .
   [4 0 0 0 0 0 1 0 1 0 0 0])
  ("const" .
   [23 0 0 0 0])
  ("unsigned" .
   [6 0 0 0 1 0 0 0])
  ("shdr32" .
   [1 0 0 0 0 0])
  ("it" .
   [7 0])
  ("control" .
   [11 0 0 0 0 0 1])
  ("elf64" .
   [2 0 0 0 0])
  ("elf32" .
   [4 0 0 0 0])
  ("ELF" .
   [3 0 1])
  ("printf" .
   [52 0 0 0 0 0])
  ("comments" .
   [2 0 0 0 0 0 0 0])
  ("complete" .
   [2 0 0 0 0 0 0 0])
  ("test" .
   [21 0 0 0])
  ("window" .
   [4 0 0 0 1 0])
  ("page" .
   [1 0 0 0])
  ("href" .
   [1 0 0 0])
  ("location" .
   [2 0 0 0 0 1 0 0])
  ("SHT_NOBITS" .
   [0 0 1 0 0 0 0 0 0 0])
  ("addr" .
   [3 0 0 0])
  ("else" .
   [41 0 0 0])
  ("0xFFFF" .
   [1 0 0 0 0 0])
  ("limit" .
   [2 0 0 0 0])
  ("sh_offset" .
   [4 0 0 0 0 0 0 0 0])
  ("vm_showmem" .
   [0 0 0 0 1 0 0 0 0 0])
  ("defun" .
   [1 0 0 0 0])
  ("end" .
   [6 0 0])
  ("List" .
   [20 0 0 0])
  ("remove_assoc" .
   [1 0 0 0 1 0 1 1 0 0 0 0])
  ("split" .
   [4 0 0 0 0])
  ("mem_assoc" .
   [2 0 0 0 0 1 0 0 0])
  ("filter" .
   [5 0 0 0 0 0])
  ("when" .
   [3 0 0 0])
  ("false" .
   [7 0 0 0 0])
  ("return" .
   [60 0 0 0 0 1])
  ("void" .
   [59 0 0 0])
  ("int" .
   [144 0 0])
  ("revi" .
   [2 0 0 0])
  ("tete" .
   [2 0 0 0])
  ("queu" .
   [0 0 1 0])
  ("rev_in" .
   [1 0 0 0 0 0])
  ("in" .
   [11 1])
  ("rev" .
   [8 0 0])
  ("nth" .
   [4 0 0])
  ("Failure" .
   [2 0 0 0 0 0 0])
  ("raise" .
   [5 0 0 0 0])
  ("function" .
   [23 0 0 0 0 0 0 0])
  ("lenght" .
   [2 0 0 0 1 0])
  ("func" .
   [5 0 0 0])
  ("find-if" .
   [0 0 0 0 1 0 0])
  ("require" .
   [0 0 0 0 0 1 0])
  ("script" .
   [1 0 0 0 0 0])
  ("char" .
   [59 0 2 0])
  ("if" .
   [10 0])
  ("julien" .
   [0 0 1 0 0 0])
  ("include" .
   [100 0 1 0 1 0 0])
  ("let" .
   [65 0 0])
  ("rec" .
   [26 0 0])
  ("list" .
   [26 0 0 0])
  ("begin" .
   [10 0 0 0 0])
  ("length" .
   [1 0 0 1 1 0])
  ("elem" .
   [14 0 0 0])
  ("match" .
   [7 0 0 0 0])
  ("with" .
   [4 0 1 0])
  ("->" .
   [11 0])
  ("count" .
   [5 0 0 0 0])
  ("flatten" .
   [0 0 1 1 0 0 0])
  ("unit" .
   [1 0 0 0])
  ("fold_left" .
   [3 0 0 1 1 1 0 0 0])
  ("fold" .
   [1 0 0 0])
  ("for_all" .
   [3 0 0 0 0 0 0])
  ("for" .
   [7 0 0])
  ("true" .
   [11 0 0 0])
  ("exists" .
   [2 0 0 0 0 0])
  ("ext" .
   [2 0 0])
  ("append" .
   [1 0 0 0 0 0])
  ("rev_append" .
   [0 0 0 0 0 0 0 1 0 0])
  ("iter" .
   [4 0 0 0])
  ("memq" .
   [1 0 0 0])
  ("main" .
   [5 0 0 0])
  ("elf" .
   [6 0 0])
  ("Elf32_Ehdr" .
   [0 0 1 4 0 0 0 0 0 1])
  ("filesize" .
   [1 0 0 0 0 0 0 0])
  ("data" .
   [24 0 0 0])
  ("file" .
   [22 0 2 0])
  ("shdr" .
   [21 0 5 0])
  ("Elf32_Shdr" .
   [1 0 0 0 0 0 0 2 0 0])
  ("strtab" .
   [2 0 0 0 0 0])
  ("print_sh_name" .
   [3 0 0 0 0 0 0 0 0 0 0 0 0])
  ("shnum" .
   [1 0 0 0 0])
  ("sh_type" .
   [1 0 0 0 1 2 0])
  ("comment" .
   [3 0 0 0 0 0 0])
  ("sPath" .
   [1 0 0 0 0])
  ("0xFF" .
   [2 0 0 0])
  ("exclude" .
   [1 0 1 1 0 0 0])
  ("while" .
   [34 0 0 0 0])
  ("str" .
   [5 0 0])
  ("NULL" .
   [47 0 0 0])
  ("strcmp" .
   [1 0 0 0 0 0])
  ("is_exclude" .
   [0 0 0 0 1 0 0 0 0 0])
  ("public" .
   [6 0 0 0 0 0])
  ("Core" .
   [9 0 1 1])
  ("operator" .
   [1 0 0 0 0 0 0 0])
  ("core" .
   [1 0 0 0])
  ("pair" .
   [4 0 0 0])
  ("_width" .
   [1 0 0 0 0 0])
  ("_height" .
   [1 0 0 0 0 0 0])
  ("base" .
   [4 0 0 0])
  ("print_int" .
   [1 0 0 0 0 0 0 0 0])
  ("ref" .
   [9 0 0])
  ("handle_base" .
   [1 0 0 0 0 0 0 0 0 0 0])
  ("files" .
   [1 0 0 0 0])
  ("print_endline" .
   [2 0 0 0 0 0 0 0 0 1 0 0 0])
  ("exception" .
   [3 0 0 1 0 0 0 0 0])
  ("type" .
   [19 0 0 0])
  ("switch" .
   [1 0 0 0 0 0])
  ("case" .
   [1 0 0 0])
  ("break" .
   [1 0 0 0 0])
  ("float" .
   [2 0 0 0 0])
  ("time" .
   [7 0 1 0])
  ("Clock" .
   [3 0 0 0 0])
  ("Display" .
   [0 0 0 0 0 0 1])
  ("255" .
   [16 0 0])
  ("Shape" .
   [2 0 0 0 0])
  ("Circle" .
   [1 0 0 0 0 0])
  ("Rect" .
   [1 0 0 0])
  ("Image" .
   [3 0 0 1 0])
  ("Close" .
   [2 0 0 0 0])
  ("Sprite" .
   [4 0 0 2 0 1])
  ("second" .
   [4 0 0 0 0 0])
  ("KeyPressed" .
   [1 0 0 0 0 0 0 0 0 0])
  ("Code" .
   [1 0 0 0])
  ("Down" .
   [1 0 0 0])
  ("down" .
   [4 0 0 0])
  ("left" .
   [1 0 0 0])
  ("right" .
   [1 0 0 0 0])
  ("852" .
   [1 0 0])
  ("480" .
   [1 0 0])
  ("RIGHT" .
   [4 0 0 0 0])
  ("SnakeBody" .
   [0 0 0 0 0 0 0 2 0])
  ("const_cast" .
   [0 0 0 0 0 1 0 1 0 0])
  ("Getter" .
   [0 0 0 2 0 0])
  ("go" .
   [1 0])
  ("grow" .
   [2 0 0 0])
  ("colision" .
   [2 0 0 0 0 1 0 0])
  ("Bonnus" .
   [0 0 0 0 0 1])
  ("iterator" .
   [0 0 0 1 0 0 0 0])
  ("0x80" .
   [2 0 0 0])
  ("0x01" .
   [1 0 0 0])
  ("0000" .
   [4 0 0 0])
  ("0001" .
   [2 0 0 0])
  ("Direction" .
   [0 0 0 0 1 0 0 0 0])
  ("effective" .
   [1 0 0 0 0 0 0 0 0])
  ("next" .
   [27 0 0 0])
  ("EXCEPTION_HH_" .
   [0 0 1 0 0 0 0 0 0 0 0 0 0])
  ("class" .
   [1 0 0 0 0])
  ("sf" .
   [1 0])
  ("bzero" .
   [2 0 0 0 0])
  ("atoi" .
   [1 0 0 0])
  ("free" .
   [8 0 0 0])
  ("EPIKONG_H_" .
   [1 0 0 0 0 0 0 0 0 0])
  ("fprintf" .
   [11 0 0 0 0 0 0])
  ("stderr" .
   [11 0 0 0 0 0])
  ("ERROR_NAME" .
   [6 0 1 0 0 0 0 0 0 0])
  ("ERROR_SIG" .
   [0 0 0 0 2 0 0 0 0])
  ("stdio" .
   [1 0 0 0 0])
  ("IMAGE_H_" .
   [1 0 0 0 0 0 0 0])
  ("enum" .
   [2 0 0 0])
  ("format" .
   [1 0 0 0 0 0])
  ("color" .
   [3 0 0 0 0])
  ("t_map" .
   [3 0 0 0 0])
  ("t_control" .
   [5 0 0 0 0 0 0 0 0])
  ("init_map" .
   [2 0 0 0 0 0 0 0])
  ("ptr" .
   [23 0 0])
  ("BLOCK" .
   [1 0 0 1 0])
  ("l_mobs" .
   [3 0 0 0 0 0])
  ("free_mobs" .
   [2 0 0 0 0 0 0 0 0])
  ("title" .
   [1 0 0 0 0])
  ("mobs" .
   [4 0 0 0])
  ("free_map" .
   [2 0 0 0 0 0 0 0])
  ("path" .
   [1 0 0 0])
  ("playstate" .
   [4 0 0 0 1 0 0 0 0])
  ("display" .
   [1 0 0 0 0 0 0])
  ("SDL_Rect" .
   [0 0 0 0 0 1 0 0])
  ("INPUT" .
   [2 0 0 0 0])
  ("handle_monster" .
   [2 0 0 0 0 0 0 0 0 0 0 0 0 0])
  ("MONSTER" .
   [1 0 0 0 0 0 0])
  ("STATIC" .
   [1 0 0 0 0 0])
  ("mob" .
   [4 0 0])
  ("HEIGHT" .
   [1 0 0 0 1 0])
  ("cam" .
   [15 0 0])
  ("player" .
   [1 0 0 0 0 0])
  ("max" .
   [6 0 0])
  ("max_line" .
   [1 0 0 0 0 0 0 0])
  ("my_putstr" .
   [1 0 0 0 0 0 0 0 0])
  ("port" .
   [9 0 0 0])
  ("READ" .
   [7 0 0 0])
  ("read" .
   [10 0 0 0])
  ("argv" .
   [2 0 0 0])
  ("ntohs" .
   [1 0 0 0 0])
  ("saddri" .
   [1 0 0 0 0 0])
  ("truc" .
   [1 0 0 0])
  ("inet_ntoa" .
   [1 0 0 0 0 0 0 0 0])
  ("sin_addr" .
   [2 0 0 0 0 0 0 0])
  ("s_addr" .
   [1 0 0 0 0 0])
  ("global" .
   [3 0 0 0 0 0])
  ("sys" .
   [1 0 0])
  ("sig" .
   [2 0 0])
  ("sigint" .
   [1 0 0 0 0 0])
  ("cl" .
   [14 0])
  ("exit" .
   [3 0 0 0])
  ("memset" .
   [5 0 0 0 0 0])
  ("pid" .
   [2 0 0])
  ("xaccept" .
   [1 0 0 0 0 0 0])
  ("linger" .
   [2 0 0 0 0 0])
  ("yes" .
   [1 0 0])
  ("cwd" .
   [1 0 0])
  ("ct" .
   [8 0])
  ("WELCOM" .
   [2 0 0 0 0 0])
  ("1024" .
   [3 0 0 0])
  ("LFTP_H_" .
   [1 0 0 0 0 0 0])
  ("pthread" .
   [1 0 0 0 0 0 0])
  ("counter" .
   [6 0 0 0 0 0 0])
  ("mutex" .
   [1 0 0 0 0])
  ("extern" .
   [1 0 0 0 0 0])
  ("state" .
   [5 0 0 0 0])
  ("status" .
   [10 0 0 0 0 0])
  ("echo" .
   [18 0 0 0])
  ("line" .
   [1 0 0 0])
  ("token" .
   [1 0 0 0 0])
  ("--cookie" .
   [4 0 0 0 0 0 0 0])
  ("--silent" .
   [2 0 0 0 0 0 0 0])
  ("grep" .
   [1 0 0 0])
  ("NETWORK_H_" .
   [1 0 0 0 0 0 0 0 0 0])
  ("s_buffer" .
   [2 0 0 0 0 0 0 0])
  ("/u/" .
   [0 3 0])
  ("BUFFERS" .
   [1 0 0 0 0 0 1])
  ("t_buffer" .
   [1 0 0 0 0 0 0 0])
  ("fdtype" .
   [2 0 0 0 0 0])
  ("s_fds" .
   [2 0 0 0 0])
  ("buffer" .
   [2 0 0 0 0 0])
  ("t_fds" .
   [1 0 0 0 0])
  ("pooling" .
   [3 0 0 0 0 0 0])
  ("4242" .
   [1 0 0 0])
  ("filed" .
   [4 0 0 0 0])
  ("add_buffer" .
   [1 0 0 0 0 0 0 0 0 0])
  ("CRLF" .
   [1 0 0 0])
  ("writes" .
   [3 0 0 0 0 0])
  ("cheat" .
   [6 0 0 0 0])
  ("daemon" .
   [1 0 0 0 0 0])
  ("t_irc" .
   [3 0 0 0 0])
  ("irc" .
   [3 0 0])
  ("ircd" .
   [1 0 0 0])
  ("tabsize" .
   [1 0 0 0 0 0 0])
  ("free_data" .
   [1 0 0 0 0 0 0 0 0])
  ("ket" .
   [1 0 0])
  ("privmsg" .
   [1 0 0 0 0 0 0])
  ("Sdltimer" .
   [1 0 0 0 0 0 0 0])
  ("delay" .
   [1 0 0 0 0])
  ("6000" .
   [1 0 0 0])
  ("do" .
   [1 0])
  ("ignore" .
   [1 0 0 0 0 0])
  ("t_window" .
   [8 0 0 0 0 1 0 0])
  ("destroy_window" .
   [1 0 0 0 0 0 0 0 0 0 0 0 0 0])
  ("content" .
   [3 0 0 0 0 0 0])
  ("circular" .
   [2 0 0 0 0 0 0 0])
  ("freet" .
   [1 0 0 0 0])
  ("new_window" .
   [4 0 0 0 0 0 0 0 0 0])
  ("ERR" .
   [1 0 0])
  ("WINDOW" .
   [0 0 0 1 0 0])
  ("border" .
   [2 0 0 0 0 1])
  ("sleep" .
   [1 0 0 0 0])
  ("SIG_ERR" .
   [2 0 0 0 0 0 0])
  ("strerror" .
   [2 0 0 0 0 0 0 0])
  ("graphics" .
   [3 0 0 0 0 0 0 0])
  ("lemipc" .
   [22 0 1 0 1 6])
  ("110" .
   [3 0 0])
  ("148" .
   [2 0 0])
  ("256" .
   [5 0 0])
  ("lemipc_graphics" .
   [0 0 0 0 0 0 0 0 0 1 0 0 0 0 0])
  ("clear" .
   [1 0 0 0 0])
  ("SDL_Delay" .
   [1 0 0 0 0 0 0 0 0])
  ("gPosition" .
   [5 0 0 3 1 2 0 0 0])
  ("gOptions" .
   [6 0 9 3 2 0 0 0])
  ("de" .
   [1 0])
  ("./lemipc" .
   [2 0 0 0 0 0 0 0])
  ("team" .
   [12 0 0 0])
  ("result" .
   [1 0 0 0 0 0])
  ("long" .
   [1 0 0 0])
  ("MAP_DEFAULT_WIDTH" .
   [1 0 0 0 0 0 0 0 0 0 0 0 0 0 0 0 0])
  ("TARGET" .
   [1 0 0 0 0 0])
  ("GRAPH_TIME" .
   [0 0 1 2 0 0 0 0 0 1])
  ("Graphical" .
   [0 0 2 0 0 0 0 0 0])
  ("GRAPH_BLOCK" .
   [1 0 0 0 0 0 0 1 0 0 0])
  ("simul" .
   [4 0 0 0 0])
  ("Maze" .
   [1 0 0 0])
  ("rows" .
   [1 0 0 0])
  ("BOMB" .
   [1 0 0 0])
  ("exp" .
   [2 0 0])
  ("setGameObjectState" .
   [0 0 0 0 0 0 0 0 1 0 0 0 0 0 0 0 0 0])
  ("disappear" .
   [1 0 0 0 0 0 0 0 0])
  ("1000" .
   [1 0 0 0])
  ("play" .
   [1 0 0 0])
  ("12" .
   [1 0])
  ("21" .
   [2 0])
  ("remote" .
   [1 0 0 0 0 0])
  ("bombCoor" .
   [0 0 0 0 0 0 1 1])
  ("bomberCoor" .
   [1 0 0 0 0 0 0 0 1 0])
  ("bo" .
   [1 0])
  ("kicked" .
   [1 0 0 0 0 0])
  ("ABombState" .
   [0 0 0 0 1 0 0 0 0 0])
  ("upX" .
   [2 0 0])
  ("upZ" .
   [4 0 0])
  ("downZ" .
   [2 0 0 0 0])
  ("up" .
   [1 0])
  ("downX" .
   [1 0 0 0 0])
  ("Vector3" .
   [0 0 1 0 0 0 0])
  ("Displacement" .
   [0 0 0 1 0 1 0 0 0 0 0 0])
  ("bounding" .
   [0 0 0 0 0 1 0 0])
  ("getActiveScene" .
   [0 0 0 0 0 1 0 0 0 0 0 0 0 0])
  ("getActiveState" .
   [0 0 0 0 0 0 0 0 0 0 0 1 0 0])
  ("KC_DECIMAL" .
   [0 0 0 0 0 0 0 2 0 0])
  ("KC_I" .
   [2 0 0 0])
  ("KC_E" .
   [1 0 0 0])
  ("KC_SUBTRACT" .
   [0 0 0 0 0 0 1 0 0 0 0])))
